10 ns 00001 00001 0 
10 ns 00000 00001 0
10 ns 00010 00010 1
10 ns 00110 00000 1
10 ns 10001 10001 0
10 ns 11111 11111 0
10 ns 00010 00010 1
10 ns 00000 00000 1
10 ns 11111 11111 1
10 ns 00000 01110 1
10 ns 01010 00001 1
10 ns 01110 11111 1
10 ns 01011 00010 1
10 ns 10001 01010 0
10 ns 10111 10011 0
10 ns 01001 10010 1
10 ns 10001 10010 1
10 ns 00000 01000 1
10 ns 00000 00000 1
10 ns 00001 01000 x
10 ns 00x01 01000 0
10 ns 00x10 01000 1
10 ns 00010 011x0 1
10 ns 00x11 11x00 0
10 ns 01x11 01x00 1